0
0
0
0
0
0
0
0
0
0
0
0
0
0
0
2
2
2
4
4
4
-0.5
-0.5
-0.5
0
0
0
4
4
4
-0.5
-0.5
-0.5
4
4
4
0
0
0
-0.5
-0.5
-0.5
0
0
0
-0.5
-0.5
-0.5
-0.5
-0.5
-0.5
0
0
0
0
0
0
4
4
4
9
9
9
39
39
39
9
9
9
-1.05
-1.05
-1.05
0
0
0
0
0
0
1
1
1
2
2
2
2
2
2
4
7
10
0
0
0
0
0
0
0
0
0
0
0
0
0
0
0
0
0
0
0
0
0
0
0
0
0
0
0
0
0
0
0
0
0
0
0
0
1
1
1
1
1
1
1
1
1
1
1
1
1
1
1
1
1
1
2
3
4
2
3
4
2
2
2
2
2
2
3
3
3
8
6
10
2
2
2
4
4
4
0
0
0
6
6
6
2
4
6
3
3
5
0
0
0
0
0
0
0
0
0
0
0
0
0
0
0
0
0
0
0
0
0
0
0
0
0
0
0
0
0
0
0
0
0
0
0
0
0
0
0
0
0
0
0
0
0
0
0
0
2
2
2
1
1
1
1
1
1
0
0
0
0
0
0
0
0
0
0
0
0
0
0
0
1
1
1
1
1
1
1
1
1
0
0
0
0
0
0
0
0
0
0
0
0
0
0
0
0
0
0
-0.99
-0.99
-0.99
0
0
0
-0.99
-0.99
-0.99
0.15
0.15
0.15
0.15
0.15
0.15
0.2
0.2
0.2
0.05
0.05
0.05
0.05
0.05
0.05
0
0
0
0
0
0
0
0
0
0
0
0
0.5
0.5
0.5
0.5
0.5
0.5
1
1
1
0
0
0
0
0
0
0
0
0
0
0
0
0
0
0
0
0
0
0
0
0
0
0
0
0
0
0
-1.1
-1.1
-1.1
5
5
5
0
0
0
0
0
0
0
0
0
1
1
1
0
0
0
0
0
0
0
0
0
0
0
0
0
0
0
0
0
0
0
0
0
0
0
0
0
0
0
0
0
0
-0.5
-0.5
-0.5
0
0
0
0
0
0
0
0
0
0
0
0
0
0
0
0
0
0
0
0
0
1
1
1
1
1
1
3
3
3
3
3
3
5
5
5
5
5
5
7
7
7
7
7
7
7
7
7
0
0
0
0
0
0
0
0
0
0
0
0
0
0
0
0
0
0
0
0
0
0
0
0
0
0
0
0
0
0
0
0
0
0
0
0
0
0
0
2
2
2
9
9
9
1
1
1
1
1
1
1
1
1
3
3
3
3
3
3
5
5
5
5
5
5
7
7
7
7
7
7
1
1
1
0
0
0
0
0
0
0
0
0
0
0
0
0
0
0
0
0
0
0
0
0
0
0
0
0
0
0
0
0
0
0
0
0
0
0
0
0
0
0
0
0
0
1
1
1
1
1
1
1
1
1
4
4
4
4
4
4
4
4
4
0
0
0
0
0
0
0
0
0
0
0
0
0
0
0
0
0
0
0
0
0
2
2
2
0
0
0
2
2
2
0
0
0
0
0
0
3
3
3
3
3
3
7
7
7
3
3
3
3
3
3
3
3
3
1
1
1
1
1
1
1
1
1
2
2
2
2
2
2
2
2
2
1
1
1
1
1
1
1
1
1
0
0
0
0
0
0
0
0
0
0
0
0
1
1
1
1
1
1
1
1
1
1
1
1
1
1
1
1
1
1
1
1
1
1
1
1
1
1
1
1
1
1
1
1
1
1
1
1
1
1
1
1
1
1
0.9
0.9
0.9
8.9
8.9
8.9
10.9
10.9
10.9
10.9
10.9
10.9
10.9
10.9
10.9
6.9
6.9
6.9
4.9
4.9
4.9
2.9
2.9
2.9
6.9
6.9
6.9
6.9
6.9
6.9
8.9
8.9
8.9
8.9
8.9
8.9
4.9
4.9
4.9
4.9
4.9
4.9
2.9
2.9
2.9
2.9
2.9
2.9
4.9
4.9
4.9
4.9
4.9
4.9
2.9
2.9
2.9
2.9
2.9
2.9
4.9
4.9
4.9
4.9
4.9
4.9
4.9
4.9
4.9
4.9
4.9
4.9
6.9
6.9
6.9
6.9
6.9
6.9
2
3.9
8
3.9
3.9
3.9
3.9
3.9
3.9
5.9
5.9
5.9
0
0
0
0
0
0
0
0
0
0
0
0
0
0
0
0
0
0
0
0
0
0
0
0
0
0
0
0
0
0
0
0
0
0
0
0
0
0
0
0
0
0
0
0
0
0
0
0
0
0
0
0
0
0
0
0
0
0
0
0
0
0
0
0
0
0
0
0
0
0
0
0
0
0
0
0
0
0
0
0
0
-0.1
-0.1
-0.1
-0.1
-0.1
-0.1
-0.1
-0.1
-0.1
